0 0.3734375 0.39921875 0.03671875 0.0796875
0 0.33359375 0.3453125 0.04921875 0.05234375
0 0.34375 0.28828125 0.02109375 0.0640625
0 0.28125 0.35546875 0.046875 0.06015625
0 0.27421875 0.4609375 0.0375 0.06015625
0 0.3390625 0.66640625 0.040625 0.06796875
0 0.28984375 0.71328125 0.05078125 0.03359375
0 0.2453125 0.790625 0.0484375 0.0640625
0 0.303125 0.82265625 0.03671875 0.05703125
0 0.4828125 0.68984375 0.046875 0.04921875
0 0.4875 0.565625 0.03515625 0.06640625
0 0.41640625 0.2421875 0.0234375 0.06484375
0 0.36640625 0.09765625 0.0296875 0.05234375
0 0.4265625 0.16796875 0.03515625 0.0625
0 0.49140625 0.128125 0.0296875 0.0640625
0 0.4515625 0.4359375 0.046875 0.06875
0 0.46640625 0.4953125 0.03671875 0.0484375
0 0.64609375 0.41875 0.04140625 0.04296875
0 0.771875 0.3984375 0.0546875 0.0546875
0 0.7375 0.4609375 0.03515625 0.04921875
0 0.81875 0.1625 0.0296875 0.0625
0 0.6609375 0.7140625 0.0375 0.0953125
0 0.5375 0.6578125 0.02578125 0.05859375
0 0.5453125 0.5984375 0.02578125 0.0609375
0 0.578125 0.60859375 0.02578125 0.07421875
0 0.4203125 0.5609375 0.02890625 0.05625
0 0.3703125 0.72265625 0.0328125 0.07265625
0 0.1609375 0.56015625 0.05625 0.08046875
0 0.13984375 0.39765625 0.0375 0.053125
0 0.209375 0.3671875 0.040625 0.06015625
0 0.22890625 0.3109375 0.03671875 0.0640625
0 0.7578125 0.07734375 0.03359375 0.071875
0 0.9515625 0.0796875 0.040625 0.07421875
0 0.9453125 0.3390625 0.03359375 0.0953125
0 0.8375 0.5140625 0.03515625 0.103125
0 0.7515625 0.64609375 0.04296875 0.07578125
0 0.09296875 0.759375 0.04296875 0.0703125
0 0.22578125 0.93515625 0.06640625 0.04921875
0 0.5046875 0.35546875 0.053125 0.04140625
0 0.709375 0.16328125 0.04921875 0.06875
0 0.61484375 0.0578125 0.03359375 0.05859375
0 0.6734375 0.4578125 0.0625 0.0328125
0 0.66796875 0.48984375 0.02578125 0.046875
0 0.6390625 0.50390625 0.0328125 0.06015625
0 0.696875 0.5078125 0.03359375 0.06015625
0 0.7046875 0.5734375 0.071875 0.040625
0 0.47265625 0.07578125 0.03671875 0.046875