0 0.41796875 0.75234375 0.14609375 0.21875
0 0.47109375 0.53515625 0.12734375 0.17421875
0 0.57109375 0.54609375 0.1625 0.1390625
0 0.6609375 0.5765625 0.1421875 0.19921875
0 0.6796875 0.47421875 0.08828125 0.14296875
0 0.5640625 0.42421875 0.146875 0.10703125
0 0.659375 0.26796875 0.13125 0.2890625
0 0.4828125 0.353125 0.1625 0.1796875
0 0.3796875 0.47734375 0.15 0.1546875
0 0.3140625 0.45 0.16015625 0.11875
0 0.3421875 0.39140625 0.11953125 0.12109375
0 0.2875 0.53125 0.09140625 0.16171875
0 0.2625 0.34765625 0.1 0.125
0 0.23125 0.2375 0.1390625 0.1859375
0 0.13515625 0.38671875 0.08046875 0.08359375