0 0.83828125 0.55390625 0.209375 0.16875
0 0.33203125 0.33828125 0.2609375 0.09609375
0 0.4 0.4921875 0.1890625 0.16640625
0 0.4828125 0.653125 0.0765625 0.1140625
0 0.5671875 0.60625 0.13984375 0.153125
0 0.621875 0.50625 0.2015625 0.090625
0 0.49140625 0.41875 0.128125 0.146875
0 0.61328125 0.41953125 0.1625 0.10625
0 0.63125 0.31953125 0.16171875 0.14921875
0 0.5265625 0.3234375 0.15 0.065625
0 0.3359375 0.7890625 0.16484375 0.1375
0 0.45703125 0.734375 0.175 0.084375
0 0.51171875 0.846875 0.0734375 0.08828125
0 0.64375 0.69140625 0.11953125 0.059375
0 0.56875 0.7015625 0.09921875 0.14921875