0 0.44609375 0.68125 0.16015625 0.24609375
0 0.4953125 0.47734375 0.09765625 0.2046875
0 0.603125 0.4640625 0.1421875 0.17578125
0 0.6875 0.49765625 0.13515625 0.18515625
0 0.69765625 0.396875 0.078125 0.1390625
0 0.7328125 0.3578125 0.05078125 0.134375
0 0.6796875 0.203125 0.125 0.2890625
0 0.58203125 0.3453125 0.1640625 0.1484375
0 0.49140625 0.29375 0.14453125 0.16015625
0 0.3984375 0.4265625 0.12734375 0.1546875
0 0.37109375 0.33515625 0.11953125 0.1109375
0 0.31640625 0.41875 0.10703125 0.1078125
0 0.31484375 0.51015625 0.07578125 0.11484375
0 0.2734375 0.3125 0.1015625 0.14609375
0 0.2328125 0.209375 0.125 0.17734375
0 0.1625 0.353125 0.07265625 0.09609375