0 0.40625 0.4359375 0.20859375 0.4828125
0 0.490625 0.70546875 0.22421875 0.26796875
0 0.39453125 0.8375 0.15859375 0.19921875
0 0.31796875 0.75 0.13515625 0.22109375
0 0.26171875 0.63359375 0.11171875 0.18125
0 0.14453125 0.69375 0.09921875 0.18515625
0 0.2390625 0.55078125 0.13125 0.15625
0 0.146875 0.584375 0.2015625 0.2125
0 0.15 0.3546875 0.11171875 0.30859375
0 0.25546875 0.2703125 0.17421875 0.14453125
0 0.571875 0.43203125 0.10546875 0.37265625
0 0.6859375 0.415625 0.1 0.27109375
0 0.83046875 0.3609375 0.12265625 0.4125
0 0.73984375 0.11640625 0.1234375 0.2328125
0 0.63984375 0.103125 0.1171875 0.20625
0 0.58828125 0.17421875 0.109375 0.31015625
0 0.6234375 0.66015625 0.1171875 0.16640625
0 0.6421875 0.81953125 0.09609375 0.15234375
0 0.740625 0.81875 0.084375 0.1859375
0 0.74375 0.6609375 0.10546875 0.19375
0 0.571875 0.853125 0.1265625 0.2203125
0 0.4203125 0.915625 0.1328125 0.13828125
0 0.17109375 0.8890625 0.196875 0.16640625
0 0.05546875 0.72890625 0.08984375 0.18203125