0 0.521875 0.3578125 0.125 0.109375
0 0.50625 0.478125 0.0875 0.11328125
0 0.63203125 0.478125 0.1078125 0.09609375
0 0.70625 0.62578125 0.0953125 0.06875
0 0.66171875 0.80078125 0.140625 0.08359375
0 0.2375 0.759375 0.0640625 0.06875
0 0.23203125 0.69375 0.13046875 0.0796875
0 0.2171875 0.56640625 0.071875 0.08046875
0 0.2984375 0.6375 0.0625 0.025
0 0.353125 0.60703125 0.05078125 0.04453125
0 0.3734375 0.64765625 0.04296875 0.05859375
0 0.43125 0.65078125 0.08359375 0.03125
0 0.45703125 0.63046875 0.0390625 0.06796875
0 0.4203125 0.60390625 0.0328125 0.04453125
0 0.54296875 0.5796875 0.06796875 0.0390625
0 0.48046875 0.5890625 0.05703125 0.0640625
0 0.73046875 0.546875 0.0625 0.0625
0 0.67109375 0.53671875 0.0609375 0.03671875
0 0.6609375 0.56953125 0.05625 0.0453125
0 0.6234375 0.57890625 0.046875 0.05625
0 0.6046875 0.66171875 0.071875 0.09921875
0 0.5359375 0.64453125 0.1109375 0.07578125
0 0.896875 0.53984375 0.078125 0.0453125
0 0.840625 0.45859375 0.0375 0.0625
0 0.9234375 0.45234375 0.0765625 0.0484375
0 0.30390625 0.409375 0.05625 0.0171875
0 0.2921875 0.4578125 0.05625 0.0765625
0 0.3171875 0.4828125 0.084375 0.09765625
0 0.3546875 0.36640625 0.0140625 0.0375
0 0.30390625 0.36640625 0.0609375 0.0640625
0 0.4015625 0.3125 0.040625 0.05703125
0 0.34296875 0.25 0.05625 0.10703125
0 0.20703125 0.334375 0.078125 0.09609375
0 0.1546875 0.35859375 0.06015625 0.0375
0 0.1171875 0.36015625 0.03125 0.040625
0 0.1078125 0.39375 0.0703125 0.0453125
0 0.071875 0.44296875 0.0921875 0.07578125
0 0.06640625 0.53359375 0.08828125 0.10703125
0 0.121875 0.50703125 0.0484375 0.0953125
0 0.1 0.28046875 0.084375 0.0453125
0 0.06953125 0.240625 0.071875 0.06015625
0 0.10390625 0.3265625 0.07578125 0.05078125
0 0.2484375 0.25234375 0.0875 0.10703125
0 0.1640625 0.209375 0.06484375 0.03671875
0 0.50078125 0.1421875 0.11875 0.0484375
0 0.4734375 0.1140625 0.05625 0.040625
0 0.6359375 0.0890625 0.071875 0.0640625
0 0.709375 0.09140625 0.04921875 0.04921875
0 0.76015625 0.08671875 0.04453125 0.04296875
0 0.67734375 0.05546875 0.05234375 0.0375
0 0.7921875 0.01953125 0.07421875 0.03671875
0 0.184375 0.05859375 0.0921875 0.09609375
0 0.4015625 0.26796875 0.0765625 0.0390625
0 0.41328125 0.225 0.05078125 0.0390625
0 0.3859375 0.5609375 0.053125 0.040625
0 0.35703125 0.54609375 0.02109375 0.040625
0 0.3328125 0.56328125 0.0484375 0.071875
0 0.2328125 0.4859375 0.05625 0.10703125
0 0.184375 0.48828125 0.0640625 0.08828125