0 0.6656209150326797 0.24385620915032682 0.2379738562091503 0.3284531590413943
0 0.4791993464052287 0.4485838779956427 0.21866013071895418 0.30220043572984745
0 0.11437908496732026 0.5882352941176471 0.22875816993464052 0.39651416122004357
0 0.2825326797385621 0.46660130718954246 0.24124183006535946 0.231285403050109
0 0.25995098039215686 0.7176470588235294 0.1604248366013072 0.35309368191721124
0 0.358578431372549 0.560479302832244 0.19132352941176475 0.14174291938997816
0 0.45692810457516336 0.6303485838779956 0.15627450980392155 0.27751633986928104
0 0.5152941176470588 0.7829847494553377 0.2052941176470588 0.3491067538126362
0 0.7023202614379085 0.5921132897603485 0.1479575163398692 0.3476470588235293
0 0.7820915032679738 0.70359477124183 0.12328431372549027 0.289368191721133
0 0.8934967320261439 0.6972549019607843 0.13220588235294123 0.4192374727668845