0 0.6506639004149378 0.25495098039215686 0.379149377593361 0.18228758169934642
0 0.20902489626556017 0.6905555555555556 0.33402489626556015 0.32313725490196077
0 0.35217842323651455 0.5650980392156862 0.3049792531120332 0.21843137254901954
0 0.2645228215767635 0.367859477124183 0.2645228215767635 0.2079411764705882
0 0.45176348547717843 0.37480392156862746 0.27593360995850624 0.24632352941176472
0 0.5772821576763485 0.5101797385620915 0.36099585062240663 0.17803921568627457
0 0.8340248962655602 0.5348856209150327 0.29771784232365145 0.15802287581699354
0 0.7798340248962655 0.6878921568627451 0.3801867219917012 0.2590196078431372
0 0.6200829875518672 0.7873202614379085 0.49221991701244816 0.25214052287581706
0 0.5254149377593361 0.6117156862745098 0.3236514522821577 0.17852941176470588
0 0.49636929460580914 0.905735294117647 0.46473029045643155 0.1852450980392156