0 0.39819587628865977 0.41533333333333333 0.12876288659793808 0.10588888888888891
0 0.4097680412371134 0.298962962962963 0.09840206185567012 0.14874074074074073
0 0.3351030927835052 0.30992592592592594 0.0992525773195876 0.08944444444444447
0 0.40036082474226803 0.7874074074074073 0.04845360824742271 0.09007407407407404
0 0.4409020618556701 0.7138518518518518 0.024304123711340223 0.07118518518518528
0 0.40626288659793813 0.6982592592592592 0.041778350515463865 0.1175925925925926
0 0.37216494845360826 0.7424444444444445 0.03177835051546388 0.0742592592592593
0 0.6361082474226805 0.4836296296296297 0.027036082474226827 0.08940740740740735
0 0.6051030927835052 0.4276296296296296 0.040180412371133956 0.10411111111111106
0 0.6488659793814433 0.34388888888888886 0.07618556701030921 0.0632592592592592
0 0.6460567010309278 0.3894444444444445 0.05551546391752583 0.046222222222222185
0 0.39471649484536087 0.15922222222222224 0.07904639175257736 0.13233333333333336
0 0.3122680412371134 0.17296296296296299 0.06649484536082477 0.14603703703703705
0 0.29105670103092784 0.24107407407407408 0.03698453608247421 0.09522222222222225
0 0.3426288659793814 0.18918518518518518 0.043608247422680456 0.14140740740740743