0 0.1470261437908497 0.18355392156862746 0.10129084967320263 0.10752450980392159
0 0.14892156862745098 0.25509803921568625 0.04614379084967322 0.11272058823529414
0 0.20944444444444446 0.3060049019607843 0.10011437908496731 0.18580882352941178
0 0.23545751633986928 0.12534313725490195 0.06942810457516341 0.17718137254901958
0 0.29467320261437907 0.23416666666666663 0.0514052287581699 0.16620098039215683
0 0.3367156862745098 0.2033578431372549 0.0637581699346405 0.15536764705882353
0 0.39235294117647057 0.1822058823529412 0.07042483660130723 0.16539215686274514
0 0.43016339869281045 0.31642156862745097 0.07531045751633993 0.18727941176470592
0 0.5060130718954249 0.25779411764705884 0.06465686274509812 0.24482843137254898
0 0.5527287581699346 0.18274509803921568 0.09235294117647055 0.15
0 0.4286601307189542 0.11649509803921569 0.0703267973856209 0.08776960784313725
0 0.4688071895424837 0.16049019607843137 0.06893790849673193 0.10850490196078434
0 0.4388235294117647 0.20583333333333334 0.07472222222222225 0.10502450980392156
0 0.49142156862745096 0.1340441176470588 0.04442810457516349 0.08252450980392159
0 0.583562091503268 0.3044117647058824 0.07032679738562085 0.15276960784313728
0 0.6272549019607843 0.13980392156862742 0.11883986928104578 0.11642156862745097
0 0.6043954248366012 0.1861029411764706 0.07212418300653592 0.10144607843137253
0 0.6811437908496732 0.2694607843137255 0.07321895424836593 0.2083578431372549
0 0.8050163398692811 0.1622058823529412 0.18848039215686277 0.14328431372549022
0 0.7570588235294118 0.2376470588235294 0.08756535947712424 0.09992647058823532
0 0.8666339869281046 0.20784313725490194 0.11645424836601304 0.1673529411764706
0 0.8377941176470588 0.2837990196078431 0.08168300653594773 0.1444362745098039
0 0.7526797385620915 0.32458333333333333 0.14753267973856204 0.12139705882352939
0 0.8279411764705881 0.42593137254901964 0.1307026143790849 0.12232843137254908
0 0.7911274509803922 0.6031372549019609 0.17661764705882357 0.15997549019607846
0 0.7586437908496733 0.6846813725490196 0.11964052287581704 0.11686274509803916
0 0.7495424836601308 0.838186274509804 0.1123692810457516 0.09659313725490189
0 0.8302777777777778 0.70375 0.09354575163398693 0.06681372549019605
0 0.8394934640522875 0.7988235294117647 0.047222222222222276 0.09409313725490193
0 0.6742647058823529 0.7987990196078432 0.060473856209150315 0.18372549019607853
0 0.5927287581699346 0.813529411764706 0.10558823529411765 0.13397058823529404
0 0.490718954248366 0.7873039215686275 0.09284313725490204 0.09796568627450987
0 0.5619444444444445 0.8117401960784314 0.09782679738562092 0.1602450980392157
0 0.41774509803921567 0.8193627450980392 0.1033006535947712 0.10676470588235308
0 0.4540196078431373 0.860735294117647 0.07620915032679737 0.04311274509803929
0 0.47637254901960785 0.9146813725490196 0.07212418300653592 0.05830882352941168
0 0.57390522875817 0.9066666666666667 0.073921568627451 0.07071078431372554
0 0.3397058823529412 0.8344362745098038 0.11754901960784313 0.1996813725490197
0 0.4082352941176471 0.905171568627451 0.03745098039215689 0.06174019607843151
0 0.23823529411764707 0.7976960784313725 0.10490196078431371 0.1441176470588234
0 0.27261437908496733 0.8670833333333333 0.09593137254901958 0.09612745098039223
0 0.1296078431372549 0.6523529411764707 0.08785947712418302 0.13735294117647057
0 0.22792483660130722 0.6851960784313725 0.13109477124183008 0.14928921568627443
0 0.14076797385620915 0.8027696078431372 0.10120915032679738 0.15428921568627463