0 0.4991830065359477 0.5 0.9950980392156863 0.9910112359550561
0 0.10486928104575165 0.14287640449438202 0.206781045751634 0.17462921348314608
0 0.12240196078431372 0.2407191011235955 0.21212418300653593 0.12923595505617974
0 0.34240196078431373 0.26970786516853934 0.22132352941176464 0.2117303370786517
0 0.4431045751633987 0.29703370786516853 0.2029084967320261 0.37262921348314604
0 0.5644607843137255 0.1786067415730337 0.1931045751633986 0.33186516853932585
0 0.6896895424836601 0.15840449438202245 0.1850816993464052 0.20566292134831463
0 0.8799019607843137 0.08651685393258426 0.20751633986928106 0.17303370786516853
0 0.9022549019607843 0.2480449438202247 0.1734967320261439 0.2582921348314607
0 0.6935457516339869 0.32485393258426964 0.18686274509803924 0.1667640449438202
0 0.517826797385621 0.45004494382022475 0.1770588235294118 0.1679101123595505
0 0.6320588235294118 0.42411235955056176 0.1292320261437909 0.17732584269662927
0 0.6443790849673203 0.6123820224719101 0.2162745098039216 0.2842022471910113
0 0.6146732026143791 0.7653483146067416 0.2875816993464052 0.30822471910112353
0 0.8811601307189543 0.9404494382022472 0.13725490196078433 0.11910112359550562
0 0.2715359477124183 0.5460898876404494 0.22638888888888892 0.2855280898876404
0 0.16800653594771242 0.5405842696629214 0.22846405228758168 0.2189662921348314
0 0.12254901960784313 0.708247191011236 0.2183660130718954 0.23089887640449439
0 0.13740196078431374 0.8623595505617978 0.2748039215686275 0.2611910112359551
0 0.05199346405228758 0.43757303370786516 0.10398692810457516 0.22876404494382024
0 0.23053921568627453 0.3257303370786517 0.29648692810457516 0.19105617977528086