0 0.5964864864864865 0.41078669910786697 0.27405405405405403 0.15572587185725872
0 0.7721621621621622 0.35423357664233573 0.09567567567567567 0.16832927818329274
0 0.6991891891891892 0.5293592862935929 0.19837837837837838 0.177948094079481
0 0.7245945945945946 0.8634063260340632 0.10864864864864865 0.16476074614760752
0 0.34405405405405404 0.7158475263584753 0.12594594594594594 0.11296836982968367
0 0.1483783783783784 0.14992700729927008 0.14540540540540542 0.11656934306569344
0 0.48783783783783785 0.15722627737226277 0.13243243243243244 0.09872668288726684
0 0.5767567567567567 0.1440551500405515 0.08432432432432432 0.07643957826439578
0 0.1445945945945946 0.32019464720194646 0.11081081081081082 0.10024330900243311
0 0.1608108108108108 0.5097161394971614 0.12162162162162163 0.07782643957826442
0 0.17783783783783783 0.5652635847526358 0.08216216216216216 0.051038118410381236
0 0.14864864864864866 0.594647201946472 0.0972972972972973 0.0571046228710463
0 0.18621621621621623 0.8733495539334954 0.1345945945945946 0.08327656123276549
0 0.422972972972973 0.9051662611516625 0.15405405405405406 0.12663422546634215
0 0.2802702702702703 0.9530170316301703 0.10648648648648648 0.043901054339010634