0 0.20397058823529413 0.16061274509803922 0.11547385620915031 0.09426470588235296
0 0.1286437908496732 0.23335784313725488 0.09000000000000001 0.11833333333333333
0 0.14073529411764704 0.29953431372549016 0.058055555555555555 0.16975490196078435
0 0.24184640522875817 0.3043137254901961 0.15885620915032683 0.1744607843137255
0 0.17127450980392156 0.43071078431372545 0.18174836601307193 0.15203431372549026
0 0.3155718954248366 0.2859068627450981 0.06130718954248363 0.2623039215686274
0 0.3706535947712418 0.12193627450980392 0.15313725490196073 0.06870098039215687
0 0.4360130718954248 0.3107843137254902 0.10792483660130717 0.14529411764705882
0 0.45581699346405224 0.20710784313725492 0.07954248366013068 0.1726960784313725
0 0.3890032679738562 0.20590686274509806 0.09918300653594773 0.11686274509803923
0 0.48673202614379085 0.1971813725490196 0.07122549019607849 0.13176470588235292
0 0.5772222222222222 0.31747549019607846 0.08277777777777773 0.19916666666666663
0 0.6055555555555556 0.20833333333333334 0.06928104575163395 0.1379166666666667
0 0.5233169934640522 0.17840686274509807 0.030000000000000023 0.08774509803921567
0 0.5622712418300654 0.20899509803921568 0.05395424836601304 0.06799019607843139
0 0.6587581699346405 0.18875 0.06885620915032678 0.08904411764705884
0 0.7106699346405229 0.2453186274509804 0.04532679738562093 0.126078431372549
0 0.6799183006535948 0.30227941176470585 0.1111601307189542 0.0975490196078431
0 0.7962581699346405 0.30323529411764705 0.07619281045751633 0.18365196078431376
0 0.7551307189542483 0.1323529411764706 0.12562091503267972 0.14620098039215687
0 0.8466993464052287 0.1703921568627451 0.14364379084967324 0.1413235294117647
0 0.8562581699346404 0.2804656862745098 0.08612745098039222 0.18504901960784315
0 0.8691013071895425 0.669264705882353 0.0858986928104575 0.15485294117647053
0 0.7748202614379085 0.7160539215686273 0.10349673202614385 0.15450980392156854
0 0.8474673202614379 0.8228186274509803 0.0955065359477125 0.240171568627451
0 0.7395424836601308 0.7943627450980393 0.10415032679738563 0.16379901960784324
0 0.8149183006535948 0.8751470588235294 0.07856209150326794 0.1375735294117647
0 0.7178921568627451 0.8627205882352942 0.11375816993464052 0.1500000000000001
0 0.6459150326797386 0.8132843137254901 0.09496732026143792 0.13370098039215675
0 0.5835947712418301 0.8196813725490196 0.11601307189542484 0.13514705882352937
0 0.6329084967320261 0.9100245098039216 0.08104575163398696 0.1633333333333333
0 0.48937908496732024 0.7811764705882354 0.10888888888888887 0.16171568627450986
0 0.431797385620915 0.8112009803921569 0.12217320261437906 0.13272058823529406
0 0.5320588235294118 0.8614460784313727 0.06151960784313722 0.0697549019607844
0 0.5286601307189542 0.9243872549019607 0.09681372549019608 0.11468137254901951
0 0.3264052287581699 0.8126470588235294 0.08946078431372549 0.13240196078431368
0 0.3879738562091503 0.8065686274509803 0.07338235294117641 0.14453431372549028
0 0.25986928104575163 0.8422549019607842 0.15173202614379086 0.11071078431372539
0 0.23333333333333336 0.6999264705882353 0.12454248366013074 0.07696078431372544
0 0.21055555555555558 0.6145343137254902 0.19339869281045755 0.16029411764705892
0 0.20905228758169933 0.7886764705882352 0.07813725490196077 0.10710784313725501
0 0.15799019607843137 0.7888970588235295 0.06454248366013073 0.11568627450980404
0 0.17029411764705882 0.9076960784313725 0.10209150326797387 0.0877696078431374
0 0.2523692810457516 0.9031617647058824 0.06658496732026144 0.11754901960784322
0 0.3956372549019608 0.9110784313725491 0.06928104575163395 0.12370098039215693
0 0.33763071895424834 0.8141421568627452 0.08601307189542481 0.17911764705882363
0 0.44895424836601305 0.8999264705882354 0.10253267973856209 0.07872549019607844