0 0.39423202614379094 0.1666200466200466 0.3458169934640523 0.33321678321678316
0 0.7639705882352941 0.3146853146853147 0.22668300653594764 0.314918414918415
0 0.6895424836601307 0.3871561771561772 0.24717320261437906 0.24792540792540796
0 0.21999999999999997 0.5155244755244756 0.1428921568627451 0.3096969696969698
0 0.4405882352941176 0.45664335664335665 0.2245915032679739 0.25128205128205133
0 0.34433006535947713 0.5790675990675991 0.1628104575163399 0.28424242424242424
0 0.5623856209150326 0.5983449883449884 0.1830065359477124 0.360909090909091
0 0.7480718954248365 0.6307692307692309 0.18003267973856202 0.33673659673659684
0 0.3420915032679739 0.7951515151515152 0.21478758169934642 0.29258741258741255
0 0.44978758169934635 0.7593473193473194 0.16576797385620917 0.3269230769230769
0 0.5001470588235294 0.908135198135198 0.26946078431372544 0.18372960372960384