0 0.4991830065359477 0.5 0.9983660130718954 0.9955156950672646
0 0.09165032679738562 0.1448206278026906 0.18330065359477124 0.11760089686098654
0 0.12240196078431372 0.2436322869955157 0.15269607843137253 0.1317937219730942
0 0.24272875816993467 0.32961883408071746 0.28045751633986926 0.2466591928251121
0 0.3333333333333333 0.2530044843049327 0.21805555555555559 0.19130044843049326
0 0.2750980392156863 0.5573991031390134 0.14913398692810453 0.3353587443946188
0 0.167859477124183 0.5468385650224215 0.15449346405228756 0.16746636771300455
0 0.05050653594771242 0.4433183856502242 0.10101307189542484 0.15612107623318386
0 0.097140522875817 0.7269730941704037 0.1651797385620915 0.13639013452914808
0 0.1596895424836601 0.8884977578475336 0.3193627450980392 0.22298206278026916
0 0.5530228758169935 0.19533632286995517 0.12388888888888897 0.2512331838565023
0 0.42632352941176477 0.24056053811659195 0.16042483660130716 0.3009192825112108
0 0.5242156862745098 0.451457399103139 0.14527777777777773 0.2213228699551569
0 0.7156862745098039 0.1472421524663677 0.16874183006535945 0.18769058295964128
0 0.8831699346405228 0.08183856502242152 0.23039215686274508 0.16367713004484305
0 0.7078104575163399 0.30964125560538114 0.23915032679738565 0.1822869955156951
0 0.6437908496732027 0.595134529147982 0.16756535947712412 0.22735426008968604
0 0.605016339869281 0.7660762331838565 0.3068954248366012 0.3124215246636772
0 0.9065686274509804 0.26807174887892377 0.1434967320261437 0.22959641255605379
0 0.8732843137254903 0.9425112107623319 0.12447712418300665 0.1149551569506726