0 0.8011764705882353 0.057939453125 0.10823529411764701 0.06431640624999999
0 0.7832352941176471 0.1091015625 0.17235294117647065 0.065068359375
0 0.7870588235294118 0.2139453125 0.1505882352941177 0.09897460937499997
0 0.7285294117647059 0.27837890625 0.09823529411764699 0.07941406250000002
0 0.793235294117647 0.313525390625 0.10176470588235301 0.08719726562499996
0 0.6873529411764705 0.36095703125 0.2511764705882352 0.12348632812500004
0 0.7455882352941177 0.433017578125 0.18529411764705883 0.06056640624999998
0 0.6291176470588236 0.51345703125 0.20647058823529407 0.08083007812499998
0 0.7729411764705882 0.525361328125 0.15999999999999992 0.11635742187500003
0 0.6882352941176471 0.597216796875 0.3058823529411765 0.10380859374999996
0 0.7655882352941177 0.719482421875 0.16882352941176465 0.12822265624999996
0 0.25 0.057353515625000004 0.1588235294117647 0.09048828125
0 0.0811764705882353 0.038808593749999995 0.12705882352941178 0.077607421875
0 0.1438235294117647 0.0766796875 0.10529411764705882 0.10179687499999998
0 0.08705882352941177 0.118662109375 0.09176470588235294 0.06466796875
0 0.16117647058823528 0.137802734375 0.08941176470588237 0.06387695312499998
0 0.09176470588235294 0.187978515625 0.12470588235294117 0.08219726562500002
0 0.10823529411764705 0.260419921875 0.19529411764705884 0.05912109374999999
0 0.06470588235294118 0.32015625 0.12941176470588237 0.09266601562499999
0 0.09705882352941177 0.358818359375 0.19411764705882353 0.09966796875000006
0 0.029411764705882353 0.442578125 0.058823529411764705 0.09141601562500001
0 0.12823529411764706 0.444736328125 0.24941176470588233 0.06836914062499999
0 0.05470588235294118 0.50564453125 0.10941176470588236 0.11207031249999999
0 0.1535294117647059 0.53142578125 0.18705882352941175 0.06988281249999995
0 0.1126470588235294 0.569296875 0.1252941176470588 0.1065624999999999
0 0.03529411764705882 0.593115234375 0.07058823529411765 0.09952148437500008
0 0.03823529411764706 0.678642578125 0.07647058823529412 0.07525390624999995
0 0.07941176470588235 0.7219921875 0.1588235294117647 0.07600585937499993
0 0.20088235294117646 0.76513671875 0.16882352941176473 0.06465820312500004
0 0.09411764705882353 0.809482421875 0.18823529411764706 0.07711914062500003
0 0.34529411764705886 0.798525390625 0.19647058823529415 0.05721679687499992
0 0.43058823529411766 0.829208984375 0.25647058823529406 0.08845703124999993
0 0.49264705882352944 0.75556640625 0.17941176470588235 0.09628906249999991
0 0.5752941176470588 0.796572265625 0.17882352941176474 0.10797851562499994
0 0.6670588235294118 0.851435546875 0.20705882352941168 0.08881835937500004