0 0.4349514563106796 0.27770575382374363 0.2970873786407767 0.2524253459577568
0 0.8572815533980582 0.29118718135469773 0.20970873786407768 0.1847050254916242
0 0.3194174757281553 0.5199927166788055 0.2407766990291262 0.1725491624180627
0 0.566504854368932 0.5101675163874727 0.18155339805825244 0.16017479970866721
0 0.7361650485436894 0.5187181354697743 0.1733009708737864 0.18092498179169708
0 0.4983009708737864 0.7387982520029134 0.20242718446601943 0.12217042971595048
0 0.5776699029126213 0.6059140568099053 0.23300970873786409 0.1404588492352512
0 0.2487864077669903 0.7451711580480699 0.1529126213592233 0.12399126001456665
0 0.3643203883495146 0.7065841223597961 0.15970873786407766 0.07595775673707209
0 0.16310679611650486 0.5507574654042243 0.2 0.15760378732702102
0 0.8036407766990291 0.6967589220684632 0.12572815533980583 0.06358339402767658
0 0.8067961165048544 0.7666788055353242 0.12427184466019417 0.07334304442825923
0 0.6822815533980583 0.758667152221413 0.07718446601941747 0.04566642388929347
0 0.6483009708737864 0.718965768390386 0.08786407766990291 0.07158048069919881