0 0.49754901960784315 0.4987745098039216 0.988562091503268 0.9828431372549019
0 0.09395424836601307 0.21200980392156862 0.18790849673202614 0.32598039215686275
0 0.1142483660130719 0.4844362745098039 0.22848039215686278 0.31446078431372554
0 0.1213235294117647 0.716985294117647 0.16638888888888886 0.32615196078431363
0 0.28362745098039216 0.3041421568627451 0.17511437908496735 0.24392156862745093
0 0.319983660130719 0.1053921568627451 0.25053921568627446 0.2107843137254902
0 0.5605882352941176 0.08497549019607843 0.3112745098039216 0.16992647058823532
0 0.524640522875817 0.26924019607843136 0.2704248366013072 0.25169117647058825
0 0.7412908496732027 0.25247549019607846 0.1726633986928104 0.27539215686274504
0 0.8372875816993464 0.3088725490196078 0.2529901960784314 0.12671568627450985
0 0.8873856209150327 0.40889705882352945 0.22194444444444442 0.20424019607843133
0 0.7087418300653595 0.5693872549019607 0.3227124183006536 0.2229166666666667
0 0.863562091503268 0.7879901960784313 0.272875816993464 0.22303921568627452
0 0.7328431372549019 0.9270833333333334 0.28104575163398693 0.14583333333333334
0 0.5245098039215687 0.8995098039215687 0.17647058823529413 0.20098039215686275
0 0.4218464052287582 0.7717401960784314 0.2690686274509803 0.2558823529411764
0 0.32312091503267976 0.8658088235294118 0.20506535947712418 0.26838235294117646
0 0.42455882352941177 0.5912254901960784 0.30718954248366015 0.2216911764705882
0 0.4216993464052287 0.42933823529411763 0.26062091503267976 0.13071078431372546