0 0.40757238307349664 0.19217391304347825 0.2806236080178174 0.14521739130434783
0 0.6252783964365256 0.23562709030100334 0.19265033407572382 0.1986789297658863
0 0.4548997772828508 0.3167224080267559 0.11915367483296214 0.0765969899665552
0 0.4487750556792873 0.3737709030100334 0.1403118040089087 0.06945652173913038
0 0.7483296213808464 0.5620484949832776 0.13808463251670378 0.10736622073578603
0 0.8580178173719376 0.5990635451505016 0.12390868596881958 0.1266638795986622
0 0.8810913140311805 0.4376923076923077 0.09100222717149224 0.05101170568561872
0 0.3258685968819599 0.6361120401337792 0.1351224944320713 0.1276086956521738
0 0.3513363028953229 0.7279013377926422 0.1823719376391982 0.164866220735786
0 0.5180846325167038 0.7936036789297659 0.07831848552338534 0.05883779264214057
0 0.26611358574610244 0.726747491638796 0.1277728285077951 0.06454013377926426
0 0.17152561247216036 0.7095652173913043 0.08015590200445437 0.04260869565217394
0 0.22134743875278398 0.6825167224080267 0.0952338530066815 0.03821070234113716
0 0.269521158129176 0.5315551839464883 0.07390868596881964 0.03443979933110373
0 0.2861581291759466 0.5021571906354515 0.06122494432071272 0.039155518394648765
0 0.2266815144766147 0.6087625418060201 0.050746102449888635 0.030117056856187277
0 0.18660356347438753 0.6446404682274247 0.04412026726057907 0.03561036789297652
0 0.23477728285077953 0.6476086956521739 0.06691536748329618 0.03740802675585285
0 0.29893095768374167 0.4657441471571906 0.08861915367483297 0.036722408026755915
0 0.31584632516703787 0.4284113712374582 0.07831848552338531 0.06282608695652178
0 0.3362583518930957 0.3594147157190636 0.09339643652561248 0.05734949832775922
0 0.31493318485523386 0.3807441471571906 0.10221603563474387 0.03236622073578598
0 0.9274387527839644 0.3557190635451505 0.1451113585746102 0.0678929765886288