0 0.65390625 0.559375 0.14140625 0.25078125
0 0.8484375 0.64765625 0.08125 0.33125
0 0.95703125 0.6671875 0.0859375 0.20625
0 0.75546875 0.54453125 0.1484375 0.22109375
0 0.634375 0.3890625 0.09453125 0.153125
0 0.52109375 0.4125 0.1734375 0.13046875
0 0.521875 0.28828125 0.15078125 0.11640625
0 0.2015625 0.2984375 0.0875 0.21015625
0 0.1734375 0.7109375 0.121875 0.2359375
0 0.3828125 0.8703125 0.10234375 0.11171875
0 0.0515625 0.290625 0.090625 0.09609375
0 0.5609375 0.22578125 0.128125 0.09609375
0 0.7453125 0.325 0.18125 0.11015625