0 0.39296875 0.56171875 0.2046875 0.4390625
0 0.7046875 0.459375 0.1265625 0.2421875
0 0.7875 0.5625 0.15625 0.08046875
0 0.88828125 0.5328125 0.11171875 0.06640625
0 0.8453125 0.4109375 0.14296875 0.165625
0 0.8578125 0.7359375 0.08046875 0.20078125
0 0.78671875 0.7609375 0.1015625 0.19921875
0 0.6828125 0.77109375 0.1421875 0.203125
0 0.65859375 0.8984375 0.11484375 0.0703125
0 0.19453125 0.18515625 0.1109375 0.09140625
0 0.15625 0.08828125 0.11171875 0.10390625
0 0.07421875 0.140625 0.11484375 0.078125
0 0.10703125 0.2109375 0.08046875 0.07578125
0 0.73125 0.11953125 0.08984375 0.19765625
0 0.81953125 0.11953125 0.10546875 0.21875
0 0.89609375 0.0671875 0.09921875 0.134375
0 0.9296875 0.16484375 0.08828125 0.10546875
0 0.87578125 0.184375 0.0640625 0.09765625
0 0.9203125 0.4546875 0.05078125 0.0953125