0 0.6359375 0.5515625 0.203125 0.45
0 0.3125 0.47578125 0.0828125 0.22890625
0 0.3640625 0.7796875 0.13359375 0.20390625
0 0.26875 0.7953125 0.09453125 0.2109375
0 0.4 0.90859375 0.10625 0.1015625
0 0.1859375 0.778125 0.08046875 0.184375
0 0.234375 0.57890625 0.11796875 0.07265625
0 0.13984375 0.56796875 0.0984375 0.07265625
0 0.23515625 0.5078125 0.02265625 0.0609375
0 0.18046875 0.44765625 0.1609375 0.18203125
0 0.2828125 0.14296875 0.0796875 0.22578125
0 0.19765625 0.1203125 0.08359375 0.22265625
0 0.10703125 0.08359375 0.05703125 0.16640625
0 0.08125 0.2015625 0.1015625 0.12578125
0 0.14375 0.21640625 0.0703125 0.09921875
0 0.225 0.19921875 0.03671875 0.06484375
0 0.8265625 0.14921875 0.09453125 0.09609375
0 0.9328125 0.1046875 0.13046875 0.1109375
0 0.85546875 0.05703125 0.12421875 0.075
0 0.89921875 0.1828125 0.07265625 0.09296875
0 0.95625 0.2046875 0.03828125 0.084375
0 0.3171875 0.9296875 0.0703125 0.075
0 0.20703125 0.88515625 0.0578125 0.0296875