0 0.45078125 0.578125 0.2265625 0.44375
0 0.7609375 0.48828125 0.09765625 0.25625
0 0.88984375 0.43359375 0.1609375 0.16171875
0 0.859375 0.584375 0.1 0.08125
0 0.95234375 0.5625 0.0609375 0.05546875
0 0.23125 0.1875 0.1375 0.084375
0 0.16640625 0.09140625 0.12890625 0.0921875
0 0.09375 0.1390625 0.13515625 0.06640625
0 0.1265625 0.22421875 0.09296875 0.08828125
0 0.734375 0.14140625 0.11484375 0.215625
0 0.821875 0.12890625 0.13984375 0.2328125
0 0.90546875 0.0875 0.1015625 0.175
0 0.95390625 0.20078125 0.084375 0.0984375
0 0.77265625 0.79921875 0.146875 0.2078125
0 0.86015625 0.79921875 0.10234375 0.190625
0 0.93671875 0.7765625 0.09609375 0.1796875
0 0.75234375 0.9234375 0.1265625 0.08515625
0 0.83515625 0.94609375 0.06953125 0.06796875
0 0.909375 0.27734375 0.04765625 0.0359375
0 0.93046875 0.89375 0.0515625 0.04296875
0 0.96875 0.8890625 0.028125 0.04609375
0 0.896875 0.9515625 0.04921875 0.0359375