0 0.2953125 0.51875 0.3265625 0.19921875
0 0.646875 0.46171875 0.290625 0.165625
0 0.8984375 0.53984375 0.203125 0.12890625
0 0.82109375 0.70625 0.2328125 0.16796875
0 0.7609375 0.8109375 0.225 0.13046875
0 0.6234375 0.684375 0.2046875 0.19921875
0 0.9109375 0.821875 0.178125 0.103125
0 0.6234375 0.9140625 0.078125 0.09609375
0 0.29453125 0.35078125 0.25234375 0.17578125
0 0.72890625 0.13359375 0.22109375 0.1234375
0 0.89453125 0.0609375 0.20546875 0.12109375
0 0.6296875 0.0734375 0.134375 0.1109375
0 0.534375 0.1921875 0.196875 0.11328125